
==========================================================
Statistic    N  Mean St. Dev. Min Pctl(25) Pctl(75)  Max  
----------------------------------------------------------
hCost       765  22     27     0     10       25     500  
totalKmPre  765 381   2,409    0     18      237    59,402
totalKmPost 765 239    642     0     16      185    7,686 
km          765  49     94     0     6        48     927  
freqPre     765  9      24     1     2        8      250  
freqPost    765  7      20     2     2        2      250  
----------------------------------------------------------
